(0,150)(0,150)
(0,150)(0,150)
(0,150)(0,150)
(0,150)(1,150)
(1,150)(1,150)
(1,150)(1,150)
(1,150)(1,150)
(1,150)(1,151)
(1,151)(2,150)
(2,150)(2,150)
(2,150)(2,150)
(2,150)(2,150)
(2,150)(2,150)
(2,150)(3,150)
(3,150)(3,150)
(3,150)(3,150)
(3,150)(3,150)
(3,150)(3,150)
(3,150)(4,150)
(4,150)(4,151)
(4,151)(4,151)
(4,151)(3,151)
(3,151)(3,151)
(3,151)(3,152)
(3,152)(4,152)
(4,152)(4,152)
(4,152)(4,152)
(4,152)(4,152)
(4,152)(5,152)
(5,152)(4,152)
(4,152)(5,152)
(5,152)(5,153)
(5,153)(5,152)
(5,152)(6,152)
(6,152)(5,152)
(5,152)(6,152)
(6,152)(6,152)
(6,152)(6,152)
(6,152)(6,152)
(6,152)(7,152)
(7,152)(7,151)
(7,151)(7,151)
(7,151)(6,151)
(6,151)(6,151)
(6,151)(6,150)
(6,150)(7,150)
(7,150)(7,150)
(7,150)(7,150)
(7,150)(7,150)
(7,150)(8,150)
(8,150)(8,150)
(8,150)(8,150)
(8,150)(8,150)
(8,150)(8,150)
(8,150)(9,150)
(9,150)(9,151)
(9,151)(9,150)
(9,150)(9,150)
(9,150)(9,150)
(9,150)(9,150)
(9,150)(10,150)
(10,150)(10,150)
(10,150)(10,150)
(10,150)(11,150)
(11,150)(11,150)
(11,150)(11,150)
(11,150)(11,150)
(11,150)(11,151)
(11,151)(11,151)
(11,151)(11,151)
(11,151)(11,151)
(11,151)(11,152)
(11,152)(11,152)
(11,152)(11,152)
(11,152)(11,152)
(11,152)(12,152)
(12,152)(12,152)
(12,152)(12,152)
(12,152)(12,152)
(12,152)(12,153)
(12,153)(12,153)
(12,153)(12,153)
(12,153)(12,153)
(12,153)(12,154)
(12,154)(11,154)
(11,154)(11,153)
(11,153)(11,154)
(11,154)(11,154)
(11,154)(11,154)
(11,154)(11,154)
(11,154)(11,154)
(11,154)(11,155)
(11,155)(11,155)
(11,155)(11,155)
(11,155)(11,156)
(11,156)(11,156)
(11,156)(11,156)
(11,156)(11,156)
(11,156)(11,156)
(11,156)(12,156)
(12,156)(12,156)
(12,156)(12,157)
(12,157)(12,157)
(12,157)(12,157)
(12,157)(13,157)
(13,157)(13,157)
(13,157)(13,156)
(13,156)(13,156)
(13,156)(13,156)
(13,156)(14,156)
(14,156)(14,156)
(14,156)(14,156)
(14,156)(15,156)
(15,156)(14,157)
(14,157)(15,157)
(15,157)(15,157)
(15,157)(15,157)
(15,157)(14,157)
(14,157)(15,158)
(15,158)(14,158)
(14,158)(15,158)
(15,158)(15,158)
(15,158)(15,158)
(15,158)(16,158)
(16,158)(16,158)
(16,158)(16,159)
(16,159)(16,159)
(16,159)(16,159)
(16,159)(16,159)
(16,159)(17,159)
(17,159)(17,158)
(17,158)(17,158)
(17,158)(17,158)
(17,158)(17,158)
(17,158)(18,158)
(18,158)(18,158)
(18,158)(18,158)
(18,158)(18,157)
(18,157)(18,157)
(18,157)(17,157)
(17,157)(18,157)
(18,157)(18,157)
(18,157)(18,156)
(18,156)(18,156)
(18,156)(18,156)
(18,156)(19,156)
(19,156)(19,156)
(19,156)(19,156)
(19,156)(19,156)
(19,156)(19,157)
(19,157)(20,157)
(20,157)(20,157)
(20,157)(20,157)
(20,157)(20,157)
(20,157)(20,156)
(20,156)(20,156)
(20,156)(21,156)
(21,156)(21,156)
(21,156)(21,156)
(21,156)(22,156)
(22,156)(22,156)
(22,156)(22,155)
(22,155)(21,155)
(21,155)(21,155)
(21,155)(21,154)
(21,154)(22,154)
(22,154)(22,154)
(22,154)(22,154)
(22,154)(21,154)
(21,154)(21,153)
(21,153)(21,154)
(21,154)(20,154)
(20,154)(20,153)
(20,153)(20,153)
(20,153)(20,153)
(20,153)(20,153)
(20,153)(20,152)
(20,152)(20,152)
(20,152)(20,152)
(20,152)(20,152)
(20,152)(21,152)
(21,152)(21,152)
(21,152)(21,152)
(21,152)(22,152)
(22,152)(22,151)
(22,151)(22,151)
(22,151)(21,151)
(21,151)(21,151)
(21,151)(21,150)
(21,150)(22,150)
(22,150)(22,150)
(22,150)(22,150)
(22,150)(22,150)
(22,150)(22,150)
(22,150)(23,150)
(23,150)(23,150)
(23,150)(23,150)
(23,150)(23,150)
(23,150)(23,150)
(23,150)(24,151)
(24,151)(24,150)
(24,150)(24,150)
(24,150)(24,150)
(24,150)(24,150)
(24,150)(25,150)
(25,150)(25,150)
(25,150)(25,150)
(25,150)(25,150)
(25,150)(26,150)
(26,150)(25,150)
(25,150)(26,150)
(26,150)(26,151)
(26,151)(26,151)
(26,151)(25,151)
(25,151)(26,151)
(26,151)(25,152)
(25,152)(26,152)
(26,152)(26,152)
(26,152)(26,152)
(26,152)(27,152)
(27,152)(27,152)
(27,152)(27,152)
(27,152)(27,152)
(27,152)(27,153)
(27,153)(27,152)
(27,152)(28,152)
(28,152)(28,152)
(28,152)(28,152)
(28,152)(28,152)
(28,152)(29,152)
(29,152)(29,152)
(29,152)(29,152)
(29,152)(29,151)
(29,151)(29,151)
(29,151)(29,151)
(29,151)(29,151)
(29,151)(29,150)
(29,150)(29,150)
(29,150)(29,150)
(29,150)(29,150)
(29,150)(30,150)
(30,150)(30,150)
(30,150)(30,150)
(30,150)(30,150)
(30,150)(31,150)
(31,150)(30,150)
(30,150)(31,150)
(31,150)(31,151)
(31,151)(31,150)
(31,150)(32,150)
(32,150)(31,150)
(31,150)(32,150)
(32,150)(32,150)
(32,150)(32,150)
(32,150)(32,150)
(32,150)(33,150)
(33,150)(33,150)
(33,150)(33,150)
(33,150)(33,150)
(33,150)(33,151)
(33,151)(33,151)
(33,151)(33,151)
(33,151)(33,151)
(33,151)(33,152)
(33,152)(33,152)
(33,152)(33,152)
(33,152)(34,152)
(34,152)(34,152)
(34,152)(34,152)
(34,152)(34,152)
(34,152)(34,152)
(34,152)(35,153)
(35,153)(34,153)
(34,153)(34,153)
(34,153)(34,153)
(34,153)(34,154)
(34,154)(34,154)
(34,154)(33,153)
(33,153)(33,154)
(33,154)(33,154)
(33,154)(33,154)
(33,154)(33,154)
(33,154)(33,154)
(33,154)(33,155)
(33,155)(33,155)
(33,155)(33,155)
(33,155)(33,156)
(33,156)(33,156)
(33,156)(33,156)
(33,156)(33,156)
(33,156)(34,156)
(34,156)(34,156)
(34,156)(34,156)
(34,156)(34,157)
(34,157)(34,157)
(34,157)(35,157)
(35,157)(35,157)
(35,157)(35,157)
(35,157)(35,156)
(35,156)(35,156)
(35,156)(36,156)
(36,156)(36,156)
(36,156)(36,156)
(36,156)(37,156)
(37,156)(37,156)
(37,156)(37,157)
(37,157)(37,157)
(37,157)(37,157)
(37,157)(37,157)
(37,157)(37,157)
(37,157)(37,158)
(37,158)(37,158)
(37,158)(37,158)
(37,158)(37,158)
(37,158)(37,158)
(37,158)(38,158)
(38,158)(38,158)
(38,158)(38,159)
(38,159)(38,159)
(38,159)(38,159)
(38,159)(38,159)
(38,159)(38,159)
(38,159)(38,160)
(38,160)(38,160)
(38,160)(37,160)
(37,160)(37,160)
(37,160)(37,160)
(37,160)(37,160)
(37,160)(37,161)
(37,161)(37,161)
(37,161)(37,161)
(37,161)(37,161)
(37,161)(37,162)
(37,162)(37,162)
(37,162)(37,162)
(37,162)(37,162)
(37,162)(36,162)
(36,162)(36,162)
(36,162)(36,162)
(36,162)(35,162)
(35,162)(35,162)
(35,162)(35,162)
(35,162)(35,162)
(35,162)(35,161)
(35,161)(34,162)
(34,162)(34,162)
(34,162)(34,162)
(34,162)(34,162)
(34,162)(34,162)
(34,162)(33,162)
(33,162)(33,162)
(33,162)(33,162)
(33,162)(33,163)
(33,163)(33,163)
(33,163)(33,163)
(33,163)(33,163)
(33,163)(33,164)
(33,164)(33,164)
(33,164)(33,164)
(33,164)(33,164)
(33,164)(33,164)
(33,164)(33,165)
(33,165)(34,164)
(34,164)(34,164)
(34,164)(34,165)
(34,165)(34,165)
(34,165)(34,165)
(34,165)(35,166)
(35,166)(34,166)
(34,166)(34,166)
(34,166)(34,166)
(34,166)(34,167)
(34,167)(34,167)
(34,167)(33,166)
(33,166)(33,167)
(33,167)(33,167)
(33,167)(33,167)
(33,167)(33,167)
(33,167)(33,167)
(33,167)(33,168)
(33,168)(33,168)
(33,168)(33,168)
(33,168)(33,168)
(33,168)(33,169)
(33,169)(33,169)
(33,169)(33,169)
(33,169)(34,169)
(34,169)(34,169)
(34,169)(34,169)
(34,169)(34,169)
(34,169)(34,169)
(34,169)(35,170)
(35,170)(35,169)
(35,169)(35,169)
(35,169)(35,169)
(35,169)(35,169)
(35,169)(36,169)
(36,169)(36,169)
(36,169)(36,169)
(36,169)(37,169)
(37,169)(37,169)
(37,169)(37,169)
(37,169)(37,169)
(37,169)(37,170)
(37,170)(37,170)
(37,170)(37,170)
(37,170)(37,171)
(37,171)(37,171)
(37,171)(37,171)
(37,171)(37,171)
(37,171)(37,171)
(37,171)(38,171)
(38,171)(38,171)
(38,171)(38,172)
(38,172)(38,172)
(38,172)(38,172)
(38,172)(39,172)
(39,172)(39,172)
(39,172)(39,171)
(39,171)(39,171)
(39,171)(39,171)
(39,171)(40,171)
(40,171)(40,171)
(40,171)(40,171)
(40,171)(40,171)
(40,171)(40,170)
(40,170)(40,170)
(40,170)(40,170)
(40,170)(40,169)
(40,169)(40,169)
(40,169)(40,169)
(40,169)(40,169)
(40,169)(41,169)
(41,169)(41,169)
(41,169)(41,169)
(41,169)(41,169)
(41,169)(42,169)
(42,169)(41,169)
(41,169)(42,169)
(42,169)(42,170)
(42,170)(42,169)
(42,169)(43,169)
(43,169)(43,169)
(43,169)(43,169)
(43,169)(43,169)
(43,169)(43,169)
(43,169)(44,169)
(44,169)(44,169)
(44,169)(44,169)
(44,169)(44,169)
(44,169)(44,169)
(44,169)(45,170)
(45,170)(44,170)
(44,170)(44,170)
(44,170)(44,171)
(44,171)(44,171)
(44,171)(44,171)
(44,171)(45,171)
(45,171)(45,171)
(45,171)(45,171)
(45,171)(45,171)
(45,171)(45,172)
(45,172)(46,172)
(46,172)(46,172)
(46,172)(46,172)
(46,172)(45,172)
(45,172)(45,173)
(45,173)(45,173)
(45,173)(45,173)
(45,173)(45,173)
(45,173)(44,173)
(44,173)(44,173)
(44,173)(44,173)
(44,173)(44,174)
(44,174)(44,174)
(44,174)(45,174)
(45,174)(44,174)
(44,174)(44,174)
(44,174)(44,175)
(44,175)(44,175)
(44,175)(44,175)
(44,175)(45,176)
(45,176)(45,175)
(45,175)(45,175)
(45,175)(45,176)
(45,176)(45,176)
(45,176)(46,176)
(46,176)(46,176)
(46,176)(46,176)
(46,176)(46,176)
(46,176)(46,176)
(46,176)(46,175)
(46,175)(47,175)
(47,175)(47,176)
(47,176)(47,175)
(47,175)(48,175)
(48,175)(48,176)
(48,176)(48,176)
(48,176)(48,176)
(48,176)(48,176)
(48,176)(48,177)
(48,177)(48,177)
(48,177)(48,177)
(48,177)(48,177)
(48,177)(48,177)
(48,177)(48,178)
(48,178)(48,177)
(48,177)(49,177)
(49,177)(49,178)
(49,178)(49,178)
(49,178)(49,178)
(49,178)(50,178)
(50,178)(50,178)
(50,178)(50,178)
(50,178)(50,178)
(50,178)(50,177)
(50,177)(51,177)
(51,177)(51,178)
(51,178)(51,177)
(51,177)(51,177)
(51,177)(51,177)
(51,177)(51,177)
(51,177)(51,177)
(51,177)(51,176)
(51,176)(51,176)
(51,176)(51,176)
(51,176)(51,176)
(51,176)(51,175)
(51,175)(52,175)
(52,175)(52,176)
(52,176)(52,175)
(52,175)(53,175)
(53,175)(53,176)
(53,176)(53,176)
(53,176)(53,176)
(53,176)(53,176)
(53,176)(53,176)
(53,176)(54,176)
(54,176)(54,176)
(54,176)(54,175)
(54,175)(54,175)
(54,175)(54,176)
(54,176)(55,175)
(55,175)(55,175)
(55,175)(55,175)
(55,175)(55,174)
(55,174)(55,174)
(55,174)(54,174)
(54,174)(55,174)
(55,174)(55,174)
(55,174)(55,173)
(55,173)(55,173)
(55,173)(55,173)
(55,173)(54,173)
(54,173)(54,173)
(54,173)(54,173)
(54,173)(54,173)
(54,173)(54,172)
(54,172)(53,172)
(53,172)(53,172)
(53,172)(53,172)
(53,172)(54,172)
(54,172)(54,171)
(54,171)(54,171)
(54,171)(54,171)
(54,171)(54,171)
(54,171)(55,171)
(55,171)(55,171)
(55,171)(55,171)
(55,171)(55,170)
(55,170)(55,170)
(55,170)(54,170)
(54,170)(55,169)
(55,169)(55,169)
(55,169)(55,169)
(55,169)(55,169)
(55,169)(55,169)
(55,169)(56,169)
(56,169)(56,169)
(56,169)(56,169)
(56,169)(56,169)
(56,169)(56,169)
(56,169)(57,169)
(57,169)(57,170)
(57,170)(57,169)
(57,169)(58,169)
(58,169)(57,169)
(57,169)(58,169)
(58,169)(58,169)
(58,169)(58,169)
(58,169)(58,169)
(58,169)(59,169)
(59,169)(59,169)
(59,169)(59,169)
(59,169)(59,169)
(59,169)(59,170)
(59,170)(59,170)
(59,170)(59,170)
(59,170)(59,171)
(59,171)(59,171)
(59,171)(59,171)
(59,171)(59,171)
(59,171)(60,171)
(60,171)(60,171)
(60,171)(60,171)
(60,171)(60,172)
(60,172)(60,172)
(60,172)(61,172)
(61,172)(61,172)
(61,172)(61,172)
(61,172)(61,171)
(61,171)(61,171)
(61,171)(62,171)
(62,171)(62,171)
(62,171)(62,171)
(62,171)(62,171)
(62,171)(62,171)
(62,171)(62,170)
(62,170)(62,170)
(62,170)(62,170)
(62,170)(62,169)
(62,169)(62,169)
(62,169)(62,169)
(62,169)(62,169)
(62,169)(63,169)
(63,169)(63,169)
(63,169)(63,169)
(63,169)(64,169)
(64,169)(64,169)
(64,169)(64,169)
(64,169)(64,169)
(64,169)(64,170)
(64,170)(65,169)
(65,169)(65,169)
(65,169)(65,169)
(65,169)(65,169)
(65,169)(65,169)
(65,169)(66,169)
(66,169)(66,169)
(66,169)(66,169)
(66,169)(66,168)
(66,168)(66,168)
(66,168)(66,168)
(66,168)(66,168)
(66,168)(66,167)
(66,167)(66,167)
(66,167)(66,167)
(66,167)(66,167)
(66,167)(66,167)
(66,167)(66,166)
(66,166)(65,167)
(65,167)(65,167)
(65,167)(65,166)
(65,166)(65,166)
(65,166)(65,166)
(65,166)(64,166)
(64,166)(65,165)
(65,165)(65,165)
(65,165)(65,165)
(65,165)(65,164)
(65,164)(65,164)
(65,164)(66,165)
(66,165)(66,164)
(66,164)(66,164)
(66,164)(66,164)
(66,164)(66,164)
(66,164)(66,164)
(66,164)(66,163)
(66,163)(66,163)
(66,163)(66,163)
(66,163)(66,163)
(66,163)(66,162)
(66,162)(66,162)
(66,162)(66,162)
(66,162)(65,162)
(65,162)(65,162)
(65,162)(65,162)
(65,162)(65,162)
(65,162)(65,162)
(65,162)(64,161)
(64,161)(64,162)
(64,162)(64,162)
(64,162)(64,162)
(64,162)(64,162)
(64,162)(63,162)
(63,162)(63,162)
(63,162)(63,162)
(63,162)(62,162)
(62,162)(62,162)
(62,162)(62,162)
(62,162)(62,162)
(62,162)(62,161)
(62,161)(62,161)
(62,161)(62,161)
(62,161)(62,161)
(62,161)(62,160)
(62,160)(62,160)
(62,160)(62,160)
(62,160)(62,160)
(62,160)(61,160)
(61,160)(61,160)
(61,160)(61,159)
(61,159)(61,159)
(61,159)(61,159)
(61,159)(61,159)
(61,159)(61,159)
(61,159)(61,158)
(61,158)(61,158)
(61,158)(62,158)
(62,158)(62,158)
(62,158)(62,158)
(62,158)(62,158)
(62,158)(62,158)
(62,158)(62,157)
(62,157)(62,157)
(62,157)(62,157)
(62,157)(62,157)
(62,157)(62,157)
(62,157)(62,156)
(62,156)(62,156)
(62,156)(63,156)
(63,156)(63,156)
(63,156)(63,156)
(63,156)(64,156)
(64,156)(64,156)
(64,156)(64,157)
(64,157)(64,157)
(64,157)(64,157)
(64,157)(65,157)
(65,157)(65,157)
(65,157)(65,156)
(65,156)(65,156)
(65,156)(65,156)
(65,156)(66,156)
(66,156)(66,156)
(66,156)(66,156)
(66,156)(66,156)
(66,156)(66,155)
(66,155)(66,155)
(66,155)(66,155)
(66,155)(66,154)
(66,154)(66,154)
(66,154)(66,154)
(66,154)(66,154)
(66,154)(66,154)
(66,154)(66,153)
(66,153)(65,154)
(65,154)(65,154)
(65,154)(65,153)
(65,153)(65,153)
(65,153)(65,153)
(65,153)(64,153)
(64,153)(65,152)
(65,152)(65,152)
(65,152)(65,152)
(65,152)(65,152)
(65,152)(65,152)
(65,152)(66,152)
(66,152)(66,152)
(66,152)(66,152)
(66,152)(66,151)
(66,151)(66,151)
(66,151)(66,151)
(66,151)(66,151)
(66,151)(66,150)
(66,150)(66,150)
(66,150)(66,150)
(66,150)(66,150)
(66,150)(67,150)
(67,150)(67,150)
(67,150)(67,150)
(67,150)(67,150)
(67,150)(68,150)
(68,150)(67,150)
(67,150)(68,150)
(68,150)(68,151)
(68,151)(68,150)
(68,150)(69,150)
(69,150)(68,150)
(68,150)(69,150)
(69,150)(69,150)
(69,150)(69,150)
(69,150)(69,150)
(69,150)(70,150)
(70,150)(70,150)
(70,150)(70,150)
(70,150)(70,150)
(70,150)(70,151)
(70,151)(70,151)
(70,151)(70,151)
(70,151)(70,151)
(70,151)(70,152)
(70,152)(70,152)
(70,152)(70,152)
(70,152)(71,152)
(71,152)(71,152)
(71,152)(71,152)
(71,152)(71,152)
(71,152)(72,152)
(72,152)(72,153)
(72,153)(72,152)
(72,152)(72,152)
(72,152)(72,152)
(72,152)(72,152)
(72,152)(73,152)
(73,152)(73,152)
(73,152)(73,152)
(73,152)(74,152)
(74,152)(73,151)
(73,151)(74,151)
(74,151)(73,151)
(73,151)(73,151)
(73,151)(73,150)
(73,150)(74,150)
(74,150)(73,150)
(73,150)(74,150)
(74,150)(74,150)
(74,150)(74,150)
(74,150)(74,150)
(74,150)(75,150)
(75,150)(75,150)
(75,150)(75,150)
(75,150)(75,150)
(75,150)(75,151)
(75,151)(76,150)
(76,150)(76,150)
(76,150)(76,150)
(76,150)(76,150)
(76,150)(76,150)
(76,150)(77,150)
(77,150)(77,150)
(77,150)(77,150)
(77,150)(77,150)
(77,150)(77,150)
(77,150)(78,150)
(78,150)(78,151)
(78,151)(78,151)
(78,151)(77,151)
(77,151)(77,151)
(77,151)(77,152)
(77,152)(78,152)
(78,152)(78,152)
(78,152)(78,152)
(78,152)(79,152)
(79,152)(79,152)
(79,152)(79,152)
(79,152)(79,152)
(79,152)(79,153)
(79,153)(79,153)
(79,153)(79,153)
(79,153)(79,153)
(79,153)(79,154)
(79,154)(78,154)
(78,154)(78,153)
(78,153)(78,154)
(78,154)(77,154)
(77,154)(77,154)
(77,154)(77,154)
(77,154)(78,154)
(78,154)(78,155)
(78,155)(78,155)
(78,155)(77,155)
(77,155)(77,156)
(77,156)(77,156)
(77,156)(78,156)
(78,156)(78,156)
(78,156)(78,156)
(78,156)(79,156)
(79,156)(79,156)
(79,156)(79,157)
(79,157)(79,157)
(79,157)(79,157)
(79,157)(79,157)
(79,157)(80,157)
(80,157)(80,156)
(80,156)(80,156)
(80,156)(80,156)
(80,156)(80,156)
(80,156)(81,156)
(81,156)(81,156)
(81,156)(81,156)
(81,156)(81,157)
(81,157)(81,157)
(81,157)(82,157)
(82,157)(81,157)
(81,157)(81,157)
(81,157)(81,158)
(81,158)(81,158)
(81,158)(81,158)
(81,158)(82,158)
(82,158)(82,158)
(82,158)(82,158)
(82,158)(82,158)
(82,158)(82,159)
(82,159)(83,159)
(83,159)(83,159)
(83,159)(83,159)
(83,159)(83,159)
(83,159)(83,158)
(83,158)(83,158)
(83,158)(84,158)
(84,158)(84,158)
(84,158)(84,158)
(84,158)(85,158)
(85,158)(84,158)
(84,158)(85,157)
(85,157)(84,157)
(84,157)(84,157)
(84,157)(84,157)
(84,157)(85,157)
(85,157)(84,156)
(84,156)(85,156)
(85,156)(85,156)
(85,156)(85,156)
(85,156)(86,156)
(86,156)(86,156)
(86,156)(86,156)
(86,156)(86,157)
(86,157)(86,157)
(86,157)(87,157)
(87,157)(87,157)
(87,157)(87,157)
(87,157)(87,156)
(87,156)(87,156)
(87,156)(88,156)
(88,156)(88,156)
(88,156)(88,156)
(88,156)(88,156)
(88,156)(88,156)
(88,156)(88,155)
(88,155)(88,155)
(88,155)(88,155)
(88,155)(88,154)
(88,154)(88,154)
(88,154)(88,154)
(88,154)(88,154)
(88,154)(88,154)
(88,154)(88,153)
(88,153)(88,154)
(88,154)(87,154)
(87,154)(87,153)
(87,153)(87,153)
(87,153)(87,153)
(87,153)(87,153)
(87,153)(87,152)
(87,152)(87,152)
(87,152)(87,152)
(87,152)(87,152)
(87,152)(88,152)
(88,152)(88,152)
(88,152)(88,152)
(88,152)(88,152)
(88,152)(88,151)
(88,151)(88,151)
(88,151)(88,151)
(88,151)(88,151)
(88,151)(88,150)
(88,150)(88,150)
(88,150)(88,150)
(88,150)(88,150)
(88,150)(89,150)
(89,150)(89,150)
(89,150)(89,150)
(89,150)(90,150)
(90,150)(90,150)
(90,150)(90,150)
(90,150)(90,150)
(90,150)(90,151)
(90,151)(90,150)
(90,150)(91,150)
(91,150)(91,150)
(91,150)(91,150)
(91,150)(91,150)
(91,150)(91,150)
(91,150)(92,150)
(92,150)(92,150)
(92,150)(92,150)
(92,150)(92,150)
(92,150)(93,150)
(93,150)(93,151)
(93,151)(93,151)
(93,151)(92,151)
(92,151)(92,151)
(92,151)(92,152)
(92,152)(93,152)
(93,152)(93,152)
(93,152)(93,152)
(93,152)(93,152)
(93,152)(94,152)
(94,152)(93,152)
(93,152)(94,152)
(94,152)(94,153)
(94,153)(94,152)
(94,152)(95,152)
(95,152)(94,152)
(94,152)(95,152)
(95,152)(95,152)
(95,152)(95,152)
(95,152)(95,152)
(95,152)(96,152)
(96,152)(96,151)
(96,151)(96,151)
(96,151)(95,151)
(95,151)(95,151)
(95,151)(95,150)
(95,150)(96,150)
(96,150)(96,150)
(96,150)(96,150)
(96,150)(96,150)
(96,150)(96,150)
(96,150)(97,150)
(97,150)(97,150)
(97,150)(97,150)
(97,150)(97,150)
(97,150)(97,150)
(97,150)(98,151)
(98,151)(98,150)
(98,150)(98,150)
(98,150)(98,150)
(98,150)(98,150)
(98,150)(99,150)
(99,150)(99,150)
(99,150)(99,150)
(99,150)(100,150)
