(0,0)(0,0)
(0,0)(0,0)
(0,0)(0,0)
(0,0)(1,0)
(1,0)(1,0)
(1,0)(1,0)
(1,0)(1,0)
(1,0)(1,1)
(1,1)(2,0)
(2,0)(2,0)
(2,0)(2,0)
(2,0)(2,0)
(2,0)(2,0)
(2,0)(3,0)
(3,0)(3,0)
(3,0)(3,0)
(3,0)(3,0)
(3,0)(3,0)
(3,0)(4,0)
(4,0)(4,1)
(4,1)(4,1)
(4,1)(3,1)
(3,1)(3,1)
(3,1)(3,2)
(3,2)(4,2)
(4,2)(4,2)
(4,2)(4,2)
(4,2)(4,2)
(4,2)(5,2)
(5,2)(4,3)
(4,3)(5,3)
(5,3)(5,3)
(5,3)(5,3)
(5,3)(6,3)
(6,3)(5,2)
(5,2)(6,2)
(6,2)(6,2)
(6,2)(6,2)
(6,2)(6,2)
(6,2)(7,2)
(7,2)(7,2)
(7,2)(7,1)
(7,1)(6,1)
(6,1)(6,1)
(6,1)(6,0)
(6,0)(7,0)
(7,0)(7,0)
(7,0)(7,0)
(7,0)(7,0)
(7,0)(8,0)
(8,0)(8,0)
(8,0)(8,0)
(8,0)(8,0)
(8,0)(8,1)
(8,1)(9,1)
(9,1)(9,1)
(9,1)(9,1)
(9,1)(9,1)
(9,1)(9,0)
(9,0)(9,0)
(9,0)(10,0)
(10,0)(10,0)
(10,0)(10,0)
(10,0)(11,0)
(11,0)(11,0)
(11,0)(11,1)
(11,1)(11,1)
(11,1)(11,1)
(11,1)(11,1)
(11,1)(11,1)
(11,1)(11,2)
(11,2)(11,2)
(11,2)(11,2)
(11,2)(11,2)
(11,2)(11,2)
(11,2)(12,2)
(12,2)(12,2)
(12,2)(12,3)
(12,3)(12,3)
(12,3)(12,3)
(12,3)(12,4)
(12,4)(12,3)
(12,3)(12,4)
(12,4)(12,4)
(12,4)(11,4)
(11,4)(11,4)
(11,4)(11,4)
(11,4)(10,4)
(10,4)(11,5)
(11,5)(10,5)
(10,5)(11,5)
(11,5)(11,5)
(11,5)(11,6)
(11,6)(10,6)
(10,6)(11,6)
(11,6)(10,6)
(10,6)(11,6)
(11,6)(11,7)
(11,7)(11,6)
(11,6)(12,6)
(12,6)(12,7)
(12,7)(12,7)
(12,7)(12,7)
(12,7)(12,7)
(12,7)(12,7)
(12,7)(13,7)
(13,7)(13,7)
(13,7)(13,6)
(13,6)(13,6)
(13,6)(13,7)
(13,7)(14,6)
(14,6)(14,6)
(14,6)(14,7)
(14,7)(14,7)
(14,7)(14,7)
(14,7)(15,8)
(15,8)(14,8)
(14,8)(14,8)
(14,8)(14,8)
(14,8)(14,9)
(14,9)(14,9)
(14,9)(15,9)
(15,9)(15,9)
(15,9)(15,9)
(15,9)(15,9)
(15,9)(15,9)
(15,9)(16,9)
(16,9)(16,10)
(16,10)(16,9)
(16,9)(16,9)
(16,9)(16,9)
(16,9)(16,9)
(16,9)(17,9)
(17,9)(17,9)
(17,9)(17,9)
(17,9)(18,9)
(18,9)(18,8)
(18,8)(18,8)
(18,8)(17,8)
(17,8)(17,8)
(17,8)(17,7)
(17,7)(18,7)
(18,7)(18,7)
(18,7)(18,7)
(18,7)(18,7)
(18,7)(18,7)
(18,7)(19,7)
(19,7)(19,7)
(19,7)(19,7)
(19,7)(19,7)
(19,7)(19,7)
(19,7)(20,8)
(20,8)(20,7)
(20,7)(20,7)
(20,7)(20,7)
(20,7)(20,7)
(20,7)(21,7)
(21,7)(21,7)
(21,7)(21,7)
(21,7)(21,7)
(21,7)(21,6)
(21,6)(22,6)
(22,6)(21,6)
(21,6)(21,6)
(21,6)(21,5)
(21,5)(22,5)
(22,5)(21,5)
(21,5)(22,5)
(22,5)(21,5)
(21,5)(21,4)
(21,4)(21,5)
(21,5)(20,5)
(20,5)(20,4)
(20,4)(20,4)
(20,4)(20,4)
(20,4)(20,3)
(20,3)(20,3)
(20,3)(20,3)
(20,3)(20,3)
(20,3)(20,2)
(20,2)(21,2)
(21,2)(21,3)
(21,3)(21,2)
(21,2)(22,2)
(22,2)(21,2)
(21,2)(22,2)
(22,2)(21,2)
(21,2)(21,1)
(21,1)(21,1)
(21,1)(22,1)
(22,1)(21,1)
(21,1)(22,0)
(22,0)(22,0)
(22,0)(22,1)
(22,1)(23,0)
(23,0)(23,0)
(23,0)(23,1)
(23,1)(23,1)
(23,1)(23,1)
(23,1)(24,1)
(24,1)(24,1)
(24,1)(24,1)
(24,1)(24,1)
(24,1)(24,0)
(24,0)(25,0)
(25,0)(25,1)
(25,1)(25,0)
(25,0)(25,0)
(25,0)(26,1)
(26,1)(25,1)
(25,1)(26,1)
(26,1)(26,1)
(26,1)(26,2)
(26,2)(25,2)
(25,2)(26,2)
(26,2)(25,3)
(25,3)(26,3)
(26,3)(26,3)
(26,3)(26,3)
(26,3)(27,3)
(27,3)(27,3)
(27,3)(27,3)
(27,3)(27,3)
(27,3)(27,4)
(27,4)(27,3)
(27,3)(28,3)
(28,3)(28,3)
(28,3)(28,3)
(28,3)(28,3)
(28,3)(28,3)
(28,3)(29,3)
(29,3)(29,3)
(29,3)(29,2)
(29,2)(29,2)
(29,2)(29,2)
(29,2)(28,2)
(28,2)(29,1)
(29,1)(29,1)
(29,1)(29,1)
(29,1)(29,1)
(29,1)(30,1)
(30,1)(30,1)
(30,1)(30,1)
(30,1)(30,1)
(30,1)(31,1)
(31,1)(30,1)
(30,1)(31,1)
(31,1)(31,2)
(31,2)(31,1)
(31,1)(32,1)
(32,1)(31,1)
(31,1)(32,1)
(32,1)(32,1)
(32,1)(32,1)
(32,1)(32,1)
(32,1)(33,1)
(33,1)(33,1)
(33,1)(33,1)
(33,1)(33,1)
(33,1)(33,2)
(33,2)(33,2)
(33,2)(33,2)
(33,2)(33,2)
(33,2)(33,3)
(33,3)(33,3)
(33,3)(33,3)
(33,3)(34,3)
(34,3)(34,3)
(34,3)(34,3)
(34,3)(34,4)
(34,4)(34,4)
(34,4)(35,4)
(35,4)(34,4)
(34,4)(34,4)
(34,4)(34,5)
(34,5)(34,5)
(34,5)(33,5)
(33,5)(33,5)
(33,5)(33,5)
(33,5)(33,5)
(33,5)(33,5)
(33,5)(33,6)
(33,6)(33,6)
(33,6)(33,6)
(33,6)(33,6)
(33,6)(33,6)
(33,6)(33,7)
(33,7)(33,7)
(33,7)(33,7)
(33,7)(33,7)
(33,7)(33,7)
(33,7)(34,7)
(34,7)(34,7)
(34,7)(34,8)
(34,8)(34,8)
(34,8)(34,8)
(34,8)(35,8)
(35,8)(35,8)
(35,8)(35,8)
(35,8)(35,7)
(35,7)(35,7)
(35,7)(36,8)
(36,8)(36,7)
(36,7)(36,7)
(36,7)(36,8)
(36,8)(36,8)
(36,8)(37,8)
(37,8)(37,8)
(37,8)(37,9)
(37,9)(36,9)
(36,9)(36,9)
(36,9)(36,9)
(36,9)(37,9)
(37,9)(37,10)
(37,10)(37,9)
(37,9)(37,9)
(37,9)(38,10)
(38,10)(37,10)
(37,10)(38,10)
(38,10)(38,10)
(38,10)(38,11)
(38,11)(37,11)
(37,11)(38,11)
(38,11)(37,12)
(37,12)(37,12)
(37,12)(37,11)
(37,11)(37,11)
(37,11)(36,11)
(36,11)(36,12)
(36,12)(36,12)
(36,12)(37,12)
(37,12)(37,13)
(37,13)(37,13)
(37,13)(36,13)
(36,13)(36,13)
(36,13)(36,14)
(36,14)(36,14)
(36,14)(35,13)
(35,13)(35,14)
(35,14)(35,14)
(35,14)(35,13)
(35,13)(35,13)
(35,13)(34,13)
(34,13)(34,12)
(34,12)(34,13)
(34,13)(34,13)
(34,13)(34,13)
(34,13)(34,14)
(34,14)(33,14)
(33,14)(33,13)
(33,13)(33,13)
(33,13)(32,13)
(32,13)(33,14)
(33,14)(32,14)
(32,14)(33,14)
(33,14)(33,15)
(33,15)(33,15)
(33,15)(32,15)
(32,15)(33,15)
(33,15)(32,16)
(32,16)(33,16)
(33,16)(33,16)
(33,16)(33,16)
(33,16)(34,16)
(34,16)(34,16)
(34,16)(33,16)
(33,16)(34,16)
(34,16)(34,17)
(34,17)(34,17)
(34,17)(33,17)
(33,17)(34,17)
(34,17)(33,18)
(33,18)(33,18)
(33,18)(33,17)
(33,17)(33,18)
(33,18)(32,18)
(32,18)(32,18)
(32,18)(32,18)
(32,18)(33,18)
(33,18)(33,19)
(33,19)(33,19)
(33,19)(32,19)
(32,19)(32,20)
(32,20)(32,20)
(32,20)(33,20)
(33,20)(33,20)
(33,20)(33,20)
(33,20)(33,20)
(33,20)(34,20)
(34,20)(33,21)
(33,21)(34,21)
(34,21)(34,21)
(34,21)(34,21)
(34,21)(35,21)
(35,21)(34,20)
(34,20)(35,20)
(35,20)(35,20)
(35,20)(35,20)
(35,20)(35,20)
(35,20)(36,20)
(36,20)(36,20)
(36,20)(36,21)
(36,21)(36,21)
(36,21)(36,21)
(36,21)(36,21)
(36,21)(36,21)
(36,21)(36,22)
(36,22)(36,22)
(36,22)(36,22)
(36,22)(36,23)
(36,23)(37,22)
(37,22)(37,22)
(37,22)(37,23)
(37,23)(37,23)
(37,23)(37,23)
(37,23)(38,23)
(38,23)(38,23)
(38,23)(38,23)
(38,23)(38,23)
(38,23)(38,22)
(38,22)(39,22)
(39,22)(39,23)
(39,23)(39,22)
(39,22)(39,22)
(39,22)(39,22)
(39,22)(39,22)
(39,22)(39,22)
(39,22)(39,21)
(39,21)(39,21)
(39,21)(40,21)
(40,21)(39,21)
(39,21)(40,20)
(40,20)(40,20)
(40,20)(40,21)
(40,21)(40,20)
(40,20)(41,20)
(41,20)(41,21)
(41,21)(41,21)
(41,21)(41,21)
(41,21)(41,21)
(41,21)(42,21)
(42,21)(42,21)
(42,21)(42,21)
(42,21)(42,20)
(42,20)(42,20)
(42,20)(43,21)
(43,21)(43,20)
(43,20)(43,20)
(43,20)(43,21)
(43,21)(43,21)
(43,21)(44,21)
(44,21)(44,21)
(44,21)(44,22)
(44,22)(43,22)
(43,22)(43,22)
(43,22)(43,22)
(43,22)(44,22)
(44,22)(44,23)
(44,23)(44,22)
(44,22)(44,22)
(44,22)(45,23)
(45,23)(44,23)
(44,23)(45,23)
(45,23)(45,24)
(45,24)(45,24)
(45,24)(44,24)
(44,24)(45,24)
(45,24)(44,25)
(44,25)(44,25)
(44,25)(44,24)
(44,24)(44,25)
(44,25)(43,25)
(43,25)(43,25)
(43,25)(43,25)
(43,25)(43,25)
(43,25)(44,26)
(44,26)(43,26)
(43,26)(43,26)
(43,26)(43,26)
(43,26)(43,27)
(43,27)(43,27)
(43,27)(44,27)
(44,27)(44,27)
(44,27)(44,27)
(44,27)(44,27)
(44,27)(44,27)
(44,27)(45,27)
(45,27)(45,28)
(45,28)(45,27)
(45,27)(45,27)
(45,27)(45,27)
(45,27)(45,27)
(45,27)(46,27)
(46,27)(46,27)
(46,27)(46,27)
(46,27)(47,27)
(47,27)(47,27)
(47,27)(47,28)
(47,28)(47,28)
(47,28)(47,28)
(47,28)(47,28)
(47,28)(47,28)
(47,28)(47,29)
(47,29)(47,29)
(47,29)(47,29)
(47,29)(47,29)
(47,29)(47,29)
(47,29)(48,29)
(48,29)(48,29)
(48,29)(48,30)
(48,30)(48,30)
(48,30)(48,30)
(48,30)(49,30)
(49,30)(49,30)
(49,30)(49,29)
(49,29)(49,29)
(49,29)(50,29)
(50,29)(50,29)
(50,29)(50,29)
(50,29)(50,29)
(50,29)(50,29)
(50,29)(50,28)
(50,28)(50,28)
(50,28)(50,28)
(50,28)(50,28)
(50,28)(50,28)
(50,28)(50,27)
(50,27)(50,27)
(50,27)(51,27)
(51,27)(51,27)
(51,27)(51,27)
(51,27)(52,27)
(52,27)(52,27)
(52,27)(52,28)
(52,28)(52,28)
(52,28)(52,28)
(52,28)(52,28)
(52,28)(53,28)
(53,28)(53,27)
(53,27)(53,27)
(53,27)(53,27)
(53,27)(53,27)
(53,27)(54,27)
(54,27)(54,27)
(54,27)(54,27)
(54,27)(54,26)
(54,26)(54,26)
(54,26)(54,26)
(54,26)(54,26)
(54,26)(54,26)
(54,26)(54,25)
(54,25)(54,25)
(54,25)(54,25)
(54,25)(54,25)
(54,25)(53,25)
(53,25)(53,25)
(53,25)(53,25)
(53,25)(53,24)
(53,24)(53,24)
(53,24)(52,24)
(52,24)(53,23)
(53,23)(53,23)
(53,23)(53,23)
(53,23)(53,23)
(53,23)(53,23)
(53,23)(54,23)
(54,23)(54,23)
(54,23)(54,23)
(54,23)(54,22)
(54,22)(54,22)
(54,22)(54,22)
(54,22)(54,22)
(54,22)(54,21)
(54,21)(54,21)
(54,21)(54,21)
(54,21)(54,21)
(54,21)(55,21)
(55,21)(55,21)
(55,21)(55,21)
(55,21)(56,21)
(56,21)(56,21)
(56,21)(56,21)
(56,21)(56,21)
(56,21)(56,22)
(56,22)(56,21)
(56,21)(57,21)
(57,21)(57,21)
(57,21)(57,21)
(57,21)(57,21)
(57,21)(57,21)
(57,21)(58,21)
(58,21)(58,21)
(58,21)(58,21)
(58,21)(58,22)
(58,22)(58,22)
(58,22)(59,22)
(59,22)(58,22)
(58,22)(58,22)
(58,22)(58,23)
(58,23)(58,23)
(58,23)(58,23)
(58,23)(59,23)
(59,23)(59,23)
(59,23)(59,23)
(59,23)(59,23)
(59,23)(59,24)
(59,24)(60,24)
(60,24)(60,24)
(60,24)(60,24)
(60,24)(60,24)
(60,24)(60,23)
(60,23)(60,23)
(60,23)(61,23)
(61,23)(61,23)
(61,23)(61,23)
(61,23)(62,23)
(62,23)(61,23)
(61,23)(62,22)
(62,22)(61,22)
(61,22)(61,22)
(61,22)(61,22)
(61,22)(62,22)
(62,22)(62,21)
(62,21)(62,21)
(62,21)(62,21)
(62,21)(62,21)
(62,21)(63,21)
(63,21)(63,21)
(63,21)(63,21)
(63,21)(63,22)
(63,22)(63,22)
(63,22)(64,22)
(64,22)(64,22)
(64,22)(64,22)
(64,22)(64,21)
(64,21)(64,21)
(64,21)(65,21)
(65,21)(65,21)
(65,21)(65,21)
(65,21)(65,21)
(65,21)(65,21)
(65,21)(65,20)
(65,20)(65,20)
(65,20)(65,20)
(65,20)(65,20)
(65,20)(66,20)
(66,20)(65,19)
(65,19)(66,19)
(66,19)(65,19)
(65,19)(65,19)
(65,19)(65,19)
(65,19)(64,19)
(64,19)(64,19)
(64,19)(64,18)
(64,18)(64,18)
(64,18)(64,18)
(64,18)(64,17)
(64,17)(64,17)
(64,17)(64,17)
(64,17)(64,17)
(64,17)(65,17)
(65,17)(65,17)
(65,17)(65,17)
(65,17)(66,17)
(66,17)(65,16)
(65,16)(66,16)
(66,16)(65,16)
(65,16)(65,16)
(65,16)(65,15)
(65,15)(66,15)
(66,15)(65,15)
(65,15)(66,15)
(66,15)(65,15)
(65,15)(65,14)
(65,14)(65,15)
(65,15)(64,15)
(64,15)(64,14)
(64,14)(64,14)
(64,14)(64,14)
(64,14)(64,14)
(64,14)(64,14)
(64,14)(63,14)
(63,14)(63,14)
(63,14)(63,15)
(63,15)(63,15)
(63,15)(63,14)
(63,14)(62,15)
(62,15)(62,15)
(62,15)(62,14)
(62,14)(62,14)
(62,14)(62,14)
(62,14)(61,13)
(61,13)(62,13)
(62,13)(62,13)
(62,13)(62,13)
(62,13)(62,12)
(62,12)(62,12)
(62,12)(61,12)
(61,12)(61,12)
(61,12)(61,12)
(61,12)(61,12)
(61,12)(61,12)
(61,12)(60,12)
(60,12)(60,11)
(60,11)(60,11)
(60,11)(61,11)
(61,11)(61,11)
(61,11)(61,10)
(61,10)(61,10)
(61,10)(61,11)
(61,11)(62,10)
(62,10)(62,10)
(62,10)(62,10)
(62,10)(62,10)
(62,10)(62,10)
(62,10)(62,9)
(62,9)(62,9)
(62,9)(62,9)
(62,9)(62,8)
(62,8)(62,8)
(62,8)(63,8)
(63,8)(63,8)
(63,8)(63,8)
(63,8)(63,8)
(63,8)(64,9)
(64,9)(63,9)
(63,9)(64,9)
(64,9)(64,9)
(64,9)(64,9)
(64,9)(65,9)
(65,9)(64,9)
(64,9)(65,8)
(65,8)(65,8)
(65,8)(65,9)
(65,9)(65,8)
(65,8)(66,8)
(66,8)(66,8)
(66,8)(66,8)
(66,8)(66,8)
(66,8)(65,7)
(65,7)(66,7)
(66,7)(66,7)
(66,7)(66,6)
(66,6)(66,6)
(66,6)(66,6)
(66,6)(65,6)
(65,6)(65,6)
(65,6)(65,6)
(65,6)(65,6)
(65,6)(65,5)
(65,5)(64,5)
(64,5)(64,5)
(64,5)(64,5)
(64,5)(65,5)
(65,5)(65,4)
(65,4)(65,4)
(65,4)(65,4)
(65,4)(65,4)
(65,4)(66,4)
(66,4)(66,4)
(66,4)(66,4)
(66,4)(66,3)
(66,3)(66,3)
(66,3)(65,3)
(65,3)(66,3)
(66,3)(66,3)
(66,3)(66,2)
(66,2)(66,2)
(66,2)(67,2)
(67,2)(67,2)
(67,2)(67,2)
(67,2)(67,2)
(67,2)(68,2)
(68,2)(67,3)
(67,3)(68,3)
(68,3)(68,3)
(68,3)(68,3)
(68,3)(69,3)
(69,3)(68,2)
(68,2)(69,2)
(69,2)(69,2)
(69,2)(69,2)
(69,2)(69,2)
(69,2)(70,2)
(70,2)(70,2)
(70,2)(70,3)
(70,3)(70,3)
(70,3)(70,3)
(70,3)(70,3)
(70,3)(70,3)
(70,3)(70,4)
(70,4)(70,4)
(70,4)(70,4)
(70,4)(70,4)
(70,4)(71,4)
(71,4)(71,4)
(71,4)(71,4)
(71,4)(71,5)
(71,5)(71,5)
(71,5)(72,5)
(72,5)(72,5)
(72,5)(72,5)
(72,5)(72,5)
(72,5)(72,4)
(72,4)(73,4)
(73,4)(73,5)
(73,5)(73,4)
(73,4)(73,4)
(73,4)(73,4)
(73,4)(73,4)
(73,4)(73,3)
(73,3)(73,3)
(73,3)(73,3)
(73,3)(74,3)
(74,3)(73,2)
(73,2)(74,2)
(74,2)(74,2)
(74,2)(74,2)
(74,2)(74,2)
(74,2)(75,2)
(75,2)(75,2)
(75,2)(75,3)
(75,3)(75,3)
(75,3)(75,3)
(75,3)(76,3)
(76,3)(76,3)
(76,3)(76,3)
(76,3)(76,2)
(76,2)(76,2)
(76,2)(77,3)
(77,3)(77,2)
(77,2)(77,2)
(77,2)(77,3)
(77,3)(77,3)
(77,3)(78,3)
(78,3)(78,3)
(78,3)(78,4)
(78,4)(77,4)
(77,4)(77,4)
(77,4)(77,4)
(77,4)(78,4)
(78,4)(78,5)
(78,5)(78,4)
(78,4)(78,4)
(78,4)(79,5)
(79,5)(78,5)
(78,5)(79,5)
(79,5)(79,5)
(79,5)(79,6)
(79,6)(78,6)
(78,6)(79,6)
(79,6)(78,7)
(78,7)(78,7)
(78,7)(78,6)
(78,6)(77,7)
(77,7)(77,6)
(77,6)(77,7)
(77,7)(77,7)
(77,7)(77,7)
(77,7)(78,8)
(78,8)(77,8)
(77,8)(77,8)
(77,8)(77,8)
(77,8)(77,9)
(77,9)(77,9)
(77,9)(78,9)
(78,9)(78,9)
(78,9)(78,9)
(78,9)(78,9)
(78,9)(78,9)
(78,9)(79,9)
(79,9)(79,10)
(79,10)(79,9)
(79,9)(79,9)
(79,9)(79,9)
(79,9)(79,9)
(79,9)(80,9)
(80,9)(80,9)
(80,9)(80,9)
(80,9)(81,9)
(81,9)(81,9)
(81,9)(81,9)
(81,9)(81,9)
(81,9)(81,10)
(81,10)(81,10)
(81,10)(81,10)
(81,10)(81,11)
(81,11)(81,11)
(81,11)(81,11)
(81,11)(81,11)
(81,11)(81,11)
(81,11)(82,11)
(82,11)(82,11)
(82,11)(82,12)
(82,12)(82,12)
(82,12)(82,12)
(82,12)(83,12)
(83,12)(83,12)
(83,12)(83,11)
(83,11)(83,11)
(83,11)(84,11)
(84,11)(84,11)
(84,11)(84,11)
(84,11)(84,11)
(84,11)(84,11)
(84,11)(84,10)
(84,10)(84,10)
(84,10)(84,10)
(84,10)(84,10)
(84,10)(84,10)
(84,10)(84,9)
(84,9)(84,9)
(84,9)(85,9)
(85,9)(85,9)
(85,9)(85,9)
(85,9)(86,9)
(86,9)(86,9)
(86,9)(86,10)
(86,10)(86,10)
(86,10)(86,10)
(86,10)(86,10)
(86,10)(87,10)
(87,10)(87,9)
(87,9)(87,9)
(87,9)(87,9)
(87,9)(87,9)
(87,9)(88,9)
(88,9)(88,9)
(88,9)(88,9)
(88,9)(88,8)
(88,8)(88,8)
(88,8)(88,8)
(88,8)(88,8)
(88,8)(88,8)
(88,8)(88,7)
(88,7)(88,7)
(88,7)(88,7)
(88,7)(88,6)
(88,6)(87,7)
(87,7)(87,7)
(87,7)(87,6)
(87,6)(87,6)
(87,6)(87,6)
(87,6)(86,6)
(86,6)(87,5)
(87,5)(87,5)
(87,5)(87,5)
(87,5)(87,5)
(87,5)(87,5)
(87,5)(88,5)
(88,5)(88,5)
(88,5)(88,5)
(88,5)(88,4)
(88,4)(88,4)
(88,4)(88,4)
(88,4)(88,4)
(88,4)(88,3)
(88,3)(88,3)
(88,3)(88,3)
(88,3)(88,3)
(88,3)(89,3)
(89,3)(89,3)
(89,3)(89,3)
(89,3)(90,3)
(90,3)(90,3)
(90,3)(90,3)
(90,3)(90,3)
(90,3)(90,4)
(90,4)(90,3)
(90,3)(91,3)
(91,3)(91,3)
(91,3)(91,3)
(91,3)(91,3)
(91,3)(91,3)
(91,3)(92,3)
(92,3)(92,3)
(92,3)(92,3)
(92,3)(92,3)
(92,3)(92,3)
(92,3)(93,4)
(93,4)(92,4)
(92,4)(92,4)
(92,4)(92,5)
(92,5)(92,5)
(92,5)(92,5)
(92,5)(93,5)
(93,5)(93,5)
(93,5)(93,5)
(93,5)(93,5)
(93,5)(93,6)
(93,6)(94,6)
(94,6)(94,6)
(94,6)(94,6)
(94,6)(94,6)
(94,6)(94,5)
(94,5)(94,5)
(94,5)(95,5)
(95,5)(95,5)
(95,5)(95,5)
(95,5)(96,5)
(96,5)(95,5)
(95,5)(96,4)
(96,4)(95,4)
(95,4)(95,4)
(95,4)(95,4)
(95,4)(96,4)
(96,4)(96,3)
(96,3)(96,3)
(96,3)(96,3)
(96,3)(96,3)
(96,3)(97,3)
(97,3)(97,3)
(97,3)(97,3)
(97,3)(97,4)
(97,4)(97,4)
(97,4)(98,4)
(98,4)(98,4)
(98,4)(98,4)
(98,4)(98,3)
(98,3)(98,3)
(98,3)(99,3)
(99,3)(99,3)
(99,3)(99,3)
(99,3)(99,3)
